case                      n   old min   new min    min    med    max
f32nt_morton_sq128        6     9.806    10.054   0.94   1.02   1.10
f32nt_morton_sq64         6     4.815     5.243   0.98   1.00   1.09
f32nt_vocab_16384         6    15.908    16.024   0.95   0.99   1.06
f32tn_morton_sq128        6     9.839     9.793   0.93   0.99   1.01
f32tn_morton_sq64         6     4.931     4.852   0.90   1.01   1.02
i8nn_b12m                 6     1.527     1.641   0.87   0.99   1.16
i8nn_b16m                 6     3.172     2.788   0.83   0.91   0.95
i8nn_b6m                  6     0.845     0.893   0.92   1.06   1.42
i8nn_b8m                  6     1.103     1.096   0.95   1.00   1.53
i8nn_grid_small_b         6     1.047     1.020   0.74   1.05   1.68
i8nn_lmhead_50304         6    11.510     8.442   0.67   0.76   0.80
i8nn_longk_8192           6    14.393    10.828   0.68   0.73   0.76
i8nn_morton_sq64          6     5.049     5.232   0.98   1.00   1.04
i8nn_vocab_32768          6     7.362     5.584   0.71   0.77   0.94
ntap_vocab_32768          6    21.826     9.403   0.42   0.50   0.55
ntp_g16mib                6     1.872     1.787   0.89   0.95   1.06
ntp_lm_head_248320        6    47.574    34.296   0.65   0.72   0.75
ntp_morton_sq64           6     9.570     9.253   0.95   0.99   1.02
tnap_g20mib               6     2.636     2.530   0.96   1.03   1.13
tnap_lmhead_dw            6    22.654    12.420   0.54   0.60   0.70
tnp_g12mib                6     1.591     1.526   0.96   1.04   1.16
tnp_morton_sq64           6     9.932     9.797   0.96   0.99   1.03
